# CDet bar time offsets (ns) to ADD to LE/TE times: toffset = mean_all - mean_bar
# Generated by PlotElastic.C (plotAllTDC)
# Columns: bar(1..168)  toffset_ns  entries
1 0.000000 0.000000
2 0.000000 0.000000
3 0.000000 0.000000
4 0.000000 1.000000
5 0.192729 26.000000
6 0.000000 7.000000
7 8.055365 83.000000
8 -0.971029 296.000000
9 -0.217743 6057.000000
10 -1.942793 2169.000000
11 -2.854189 562.000000
12 -0.250431 56.000000
13 4.415255 37.000000
14 -0.139478 84.000000
15 -4.531967 43.000000
16 -0.754964 52.000000
17 1.146585 115.000000
18 4.274391 694.000000
19 3.990284 1719.000000
20 5.485488 412.000000
21 5.067572 54.000000
22 3.069289 177.000000
23 1.284407 66.000000
24 0.889440 679.000000
25 0.000000 0.000000
26 -0.810569 75.000000
27 1.440751 395.000000
28 3.103720 1193.000000
29 -0.765406 228.000000
30 5.674562 155.000000
31 2.225939 594.000000
32 2.294139 1310.000000
33 -2.848384 3736.000000
34 6.935044 333.000000
35 5.579543 67.000000
36 -0.670820 44.000000
37 4.310756 31.000000
38 -0.283102 25.000000
39 0.000000 4.000000
40 0.000000 0.000000
41 0.000000 0.000000
42 0.000000 0.000000
43 0.000000 0.000000
44 0.000000 0.000000
45 0.000000 2.000000
46 0.000000 0.000000
47 0.000000 7.000000
48 0.000000 9.000000
49 0.000000 8.000000
50 -3.910820 44.000000
51 -7.729268 273.000000
52 1.174690 218.000000
53 -5.945939 142.000000
54 0.000000 3.000000
55 0.042498 40.000000
56 2.169768 63.000000
57 2.186324 69.000000
58 1.916103 71.000000
59 2.152966 47.000000
60 0.501298 25.000000
61 -0.466873 54.000000
62 4.585963 71.000000
63 4.895764 139.000000
64 -0.738409 97.000000
65 -0.971208 68.000000
66 4.437681 49.000000
67 -5.317245 101.000000
68 4.217134 44.000000
69 -1.660733 65.000000
70 0.882664 24.000000
71 0.000000 0.000000
72 0.000000 1.000000
73 0.000000 1.000000
74 0.000000 1.000000
75 0.000000 0.000000
76 -2.924405 31.000000
77 -0.291749 81.000000
78 -8.066645 35.000000
79 -6.321302 50.000000
80 -5.758377 32.000000
81 0.000000 14.000000
82 0.000000 0.000000
83 0.000000 0.000000
84 0.000000 0.000000
85 0.000000 0.000000
86 0.000000 0.000000
87 0.000000 0.000000
88 0.000000 4.000000
89 0.306774 29.000000
90 0.000000 3.000000
91 -0.899908 138.000000
92 -6.708880 591.000000
93 -7.077648 7447.000000
94 -1.543755 1536.000000
95 -6.269671 508.000000
96 -6.219002 68.000000
97 -4.743586 24.000000
98 -8.001851 86.000000
99 -0.305102 50.000000
100 -1.192502 50.000000
101 0.476293 127.000000
102 0.351312 835.000000
103 2.603751 1835.000000
104 4.571984 413.000000
105 7.678613 174.000000
106 8.803443 182.000000
107 0.000000 14.000000
108 7.644640 744.000000
109 7.088715 46.000000
110 0.646983 33.000000
111 2.082331 240.000000
112 5.360385 1277.000000
113 5.783065 289.000000
114 1.940912 87.000000
115 2.367027 503.000000
116 4.446654 396.000000
117 5.888031 4201.000000
118 6.200835 629.000000
119 8.403456 119.000000
120 4.042387 54.000000
121 -3.424315 32.000000
122 0.000000 17.000000
123 0.000000 10.000000
124 0.000000 3.000000
125 0.000000 0.000000
126 0.000000 0.000000
127 0.000000 0.000000
128 0.000000 0.000000
129 0.000000 2.000000
130 0.000000 14.000000
131 0.000000 0.000000
132 0.000000 8.000000
133 0.000000 13.000000
134 -2.454836 57.000000
135 1.044225 337.000000
136 -2.535288 280.000000
137 3.313596 102.000000
138 0.000000 0.000000
139 2.366190 52.000000
140 -1.723389 53.000000
141 -8.299070 74.000000
142 -8.530461 48.000000
143 -7.353951 49.000000
144 -11.321086 24.000000
145 -7.370530 72.000000
146 -6.061502 78.000000
147 2.054861 143.000000
148 4.836145 102.000000
149 0.447431 75.000000
150 4.797757 54.000000
151 7.372011 148.000000
152 5.970403 63.000000
153 0.589239 54.000000
154 6.537027 34.000000
155 0.000000 0.000000
156 0.000000 0.000000
157 0.000000 0.000000
158 0.000000 0.000000
159 0.000000 0.000000
160 0.000000 0.000000
161 -0.989836 66.000000
162 -1.723502 80.000000
163 2.000316 66.000000
164 4.245595 31.000000
165 4.840222 29.000000
166 0.000000 2.000000
167 0.000000 0.000000
168 0.000000 0.000000
